德 1171.0 652.0 1257.0 739.0
二 1532.0 1999.0 1581.0 2039.0
切 1590.0 1845.0 1644.0 1904.0
之 1596.0 2410.0 1643.0 2459.0
具 1475.0 817.0 1568.0 900.0
之 1655.0 2414.0 1704.0 2465.0
巳 1354.0 1215.0 1450.0 1281.0
心 1602.0 580.0 1687.0 629.0
藐 1716.0 1582.0 1817.0 1671.0
㲉 1594.0 2073.0 1648.0 2145.0
所 1711.0 2977.0 1763.3 3038.0
藐 1334.0 479.0 1442.0 574.0
滿 1715.0 406.0 1807.0 489.0
第 681.0 969.0 760.0 1059.0
鐵 1595.0 2648.0 1657.6 2712.1
可 1657.0 2727.0 1701.0 2784.0
作 1775.0 2334.0 1825.0 2399.0
薄 1774.0 1922.0 1821.0 1990.0
凡 1643.0 3047.0 1703.0 3110.0
說 1836.0 1435.0 1937.0 1517.0
邊 1834.0 813.0 1936.0 904.0
行 1346.0 1134.0 1445.0 1213.0
是 1836.0 486.0 1936.0 575.0
隂 1593.0 2810.0 1647.0 2868.0
也 1593.0 2165.0 1650.0 2224.0
株 1529.0 2255.0 1594.7 2313.9
利 1462.0 733.0 1557.0 817.0
勝 1712.0 567.0 1813.0 655.0
三 1717.0 1522.0 1803.0 1578.0
大 682.0 328.0 767.0 404.0
磁 1580.4 3057.9 1637.0 3111.0
難 1348.0 1523.0 1449.0 1604.0
十 1266.0 1298.0 1309.0 1338.0
積 1773.0 2404.0 1825.0 2479.0
卷 680.0 890.0 773.0 972.0
功 1163.0 573.0 1258.0 656.0
痕 1713.0 1998.0 1769.0 2069.1
羽 1717.0 2819.0 1760.0 2872.0
瘢 1715.0 1821.0 1820.0 1918.0
必 1591.0 2892.0 1641.0 2939.0
是 1347.0 1447.0 1450.0 1525.0
息 1537.0 2569.0 1586.1 2631.2
薩 1341.0 1053.0 1444.0 1132.0
三 1589.0 323.0 1685.0 392.0
功 1714.0 652.0 1806.0 724.0
破 1466.0 2646.0 1528.0 2703.0
發 1474.0 1366.0 1583.3 1452.0
連 1472.0 2253.0 1522.0 2319.0
引 1650.0 2888.0 1692.0 2950.0
鍼 1645.0 2977.0 1702.0 3037.0
如 1827.0 408.0 1933.0 487.0
足 1591.0 1049.0 1697.0 1121.0
為 1652.0 1844.3 1702.0 1913.0
勝 1592.0 1275.0 1703.3 1360.0
方 681.0 401.0 765.0 479.0
生 1722.0 1055.0 1812.0 1128.0
男 1468.0 328.0 1542.0 419.0
多 1470.0 1599.0 1558.0 1677.0
善 1469.0 655.0 1565.0 734.0
具 1592.0 968.0 1696.0 1054.0
菩 1335.0 637.0 1438.0 725.0
㽄 1477.0 2463.0 1586.1 2564.5
功 1593.0 1361.0 1690.0 1436.0
有 1719.0 887.0 1802.0 971.0
故 1176.0 744.0 1263.0 818.0
牆 1652.0 2336.0 1711.9 2400.6
鳥 1590.0 1915.0 1639.0 1989.0
善 1463.0 894.5 1571.0 983.0
足 1832.0 1591.0 1930.0 1667.0
卵 1595.0 1998.0 1642.0 2066.0
也 1471.0 2405.0 1526.1 2463.5
聲 1471.0 2714.0 1524.0 2788.0
堆 1716.0 2337.0 1771.0 2399.0
角 1657.0 2178.7 1706.2 2244.4
衛 1531.0 2327.0 1589.0 2392.0
說 1836.0 1199.0 1939.0 1279.0
具 1837.0 1514.0 1931.0 1590.0
羅 1721.0 1443.2 1809.0 1525.0
管 1767.0 2973.0 1812.0 3037.0
有 1590.0 2970.0 1635.0 3028.0
華 683.0 649.0 769.0 735.0
不 1842.0 1282.0 1930.0 1355.0
石 1660.0 2574.0 1703.0 2622.0
𧂐 1722.0 2154.0 1815.0 2255.0
三 1334.0 576.0 1435.0 642.0
則 1590.0 640.0 1686.0 718.0
無 1833.0 739.0 1937.0 815.0
𥔵 1597.6 2251.1 1706.2 2334.0
不 1846.0 1060.0 1936.0 1129.0
魯 1764.0 2895.0 1809.0 2964.0
發 1716.0 1128.0 1819.0 1211.0
量 1836.0 651.0 1936.0 739.0
稱 1465.0 1053.0 1574.0 1134.0
菩 1586.0 390.0 1688.0 485.0
生 1709.0 3052.2 1754.7 3103.6
至 1851.0 991.0 1933.0 1058.0
以 1653.0 2811.0 1703.0 2853.0
經 679.0 821.0 772.0 893.0
山 1599.0 2339.0 1646.1 2389.2
也 1717.0 2575.0 1768.0 2625.0
也 1467.0 1988.0 1526.1 2045.3
克 1656.0 2083.4 1714.7 2157.7
德 1594.0 1433.0 1697.0 1516.0
汝 1467.0 491.0 1571.0 569.0
六 681.0 1200.0 776.0 1268.0
聚 1714.0 2489.0 1771.9 2559.0
產 1596.0 2563.0 1651.9 2629.3
菩 1342.0 966.0 1447.0 1057.0
佛 680.0 565.0 767.1 648.7
嚴 680.0 737.0 772.0 823.0
音 1842.0 1756.0 1932.0 1845.0
㲉 1649.0 1997.0 1707.0 2067.0
八 1267.0 1344.0 1306.0 1375.0
難 1150.0 323.0 1258.0 415.0
是 1602.0 885.0 1693.0 969.0
卵 1763.0 2826.0 1817.6 2881.0
六 1269.0 773.0 1310.0 819.0
滿 1591.0 1198.0 1690.0 1275.0
同 1465.0 1842.0 1512.0 1907.0
心 1351.0 815.0 1441.0 875.0
求 1345.0 880.0 1446.0 968.0
獲 1587.0 717.0 1693.0 814.0
如 1591.0 812.0 1688.0 884.0
器 1473.0 2565.0 1529.0 2625.4
綴 1476.0 2149.0 1584.0 2239.0
廣 680.0 476.0 764.0 569.0
𫉬 1461.0 567.0 1569.0 659.0
綴 1471.0 2327.0 1531.8 2389.2
善 1594.0 1587.0 1693.0 1674.0
行 1350.0 1602.0 1452.0 1675.0
子 1467.0 417.0 1561.0 495.0
氣 1464.0 1910.0 1516.0 1981.0
切 1535.0 2733.0 1584.0 2792.0
正 1780.5 2271.1 1829.1 2316.8
瘡 1714.0 1918.0 1764.0 1986.0
提 1589.0 480.1 1693.0 569.0
㲉 1726.0 2717.0 1817.0 2796.0
物 1525.0 2072.0 1589.0 2136.7
提 1339.0 723.0 1442.0 806.0
石 1527.0 1845.0 1577.0 1901.0
三 1334.0 415.0 1434.0 478.0
得 1346.0 1283.0 1444.0 1373.0
子 1776.0 2491.0 1825.0 2553.0
官 1775.0 2006.0 1822.0 2069.0
三 679.0 1063.0 775.0 1122.0
圓 1723.0 332.0 1799.0 409.0
德 1712.0 725.0 1809.0 811.0
是 1525.0 1912.0 1584.0 1977.0
可 1841.0 1134.0 1940.5 1200.0
如 1343.0 1371.0 1445.0 1449.0
多 1722.0 1363.2 1798.0 1445.0
殊 1709.0 486.0 1817.0 569.0
阿 1719.0 1211.0 1817.0 1286.0
十 683.0 1124.0 775.0 1189.0
切 1528.0 2412.0 1594.7 2460.6
資 1534.0 2646.0 1584.0 2718.0
若 1719.0 809.0 1808.0 885.0
法 1599.0 1514.0 1696.0 1588.0
圓 1599.0 1122.0 1686.0 1203.0
切 1766.0 3059.0 1823.3 3118.0
卵 1724.0 2639.0 1810.0 2719.0
陽 1597.0 2487.0 1654.7 2549.0
汝 1475.0 1133.0 1576.0 1208.0
耨 1468.0 1519.0 1571.0 1601.0
蟲 1714.0 2888.0 1763.0 2959.0
其 1593.0 2727.0 1651.9 2798.8
切 1656.0 2496.0 1711.9 2547.0
也 1472.0 2810.0 1526.1 2862.6
名 1659.0 2655.0 1703.3 2712.0
# 1268.0 724.0 1309.0 769.0
就 1828.0 320.0 1938.0 407.0
卵 1651.0 1922.0 1699.0 1985.0
能 1478.0 1280.0 1572.0 1370.0
集 1161.0 411.0 1255.0 498.0
切 1720.4 2262.5 1777.6 2322.5
釋 1837.0 1842.0 1934.0 1935.0
耨 1714.0 1283.0 1813.0 1368.0
今 1469.0 1206.0 1578.0 1283.0
乃 1838.0 907.0 1924.0 986.0
瓦 1531.0 2814.0 1581.0 2869.0
衆 1725.0 970.0 1823.3 1055.0
可 1843.0 1360.0 1933.0 1436.0
也 1718.0 2092.0 1772.0 2148.0
阿 1471.0 1451.0 1572.0 1522.0
羅 1337.0 327.0 1433.0 412.0
名 1468.0 978.0 1563.0 1053.0
無 1838.0 572.0 1933.0 655.0
也 1717.0 2413.0 1768.0 2467.0
切 1774.0 2094.0 1831.9 2152.9
智 1771.0 2564.0 1822.0 2634.0
大 1167.0 499.0 1258.0 575.0
